10 400
0
0
2 0 1
0
0
2 0 0
0
0
0
1 0
0
1 0
0
0
1 0
0
0
1 0
1 0
1 0
0
0
0
1 0
0
1 0
1 0
1 0
1 0
1 0
0
0
0
1 0
1 0
1 0
1 0
0
1 0
0
1 0
0
1 0
1 0
1 0
0
1 0
0
1 0
1 0
1 0
1 0
0
1 0
0
1 0
0
0
0
1 0
1 0
1 0
1 0
0
0
1 0
0
0
0
0
0
1 0
0
1 0
1 0
0
1 0
1 0
0
0
0
0
1 0
1 0
0
1 0
1 0
0
0
0
0
0
0
0
0
1 0
1 0
1 0
1 0
1 0
0
1 0
1 0
1 0
0
0
1 0
0
0
1 0
1 0
1 0
0
0
0
1 0
0
0
0
0
1 0
1 0
0
1 0
1 0
0
1 0
0
0
0
1 0
0
1 0
0
1 0
1 0
0
0
1 0
1 0
1 0
1 0
1 0
0
0
1 0
2 0 0
2 0 0
1 0
1 0
0
1 0
1 0
2 0 0
0
1 0
0
2 0 1
1 0
1 0
2 0 1
0
0
1 0
2 0 0
2 0 0
1 0
2 0 1
1 0
2 0 1
1 0
2 0 0
1 0
1 0
0
1 0
2 0 0
1 0
2 0 1
1 0
0
2 0 0
0
0
0
2 0 0
0
1 0
2 0 1
0
2 0 0
1 0
1 0
0
0
2 0 1
1 0
0
0
1 0
0
0
2 0 1
2 0 1
0
0
2 0 1
0
2 0 1
1 0
0
2 0 0
0
2 0 1
0
2 0 1
0
1 0
2 0 1
1 0
2 0 1
2 0 1
1 0
1 0
2 0 1
2 0 0
1 0
0
0
1 0
2 0 1
1 0
0
2 0 1
2 0 1
1 0
2 0 0
2 0 0
2 0 1
2 0 0
1 0
0
2 0 1
1 0
1 0
1 0
1 0
0
2 0 1
2 0 0
0
2 0 1
0
1 0
2 0 1
1 0
0
1 0
2 0 0
0
2 0 1
1 0
0
2 0 0
0
0
0
0
1 0
0
2 0 1
2 0 1
0
0
0
1 0
0
1 0
2 0 1
3 0 0 0
3 0 1 1
3 0 1 0
1 0
2 0 1
3 0 0 2
3 0 1 2
0
0
1 0
0
3 0 0 2
1 0
3 0 1 2
2 0 1
0
0
3 0 0 0
2 0 0
1 0
2 0 0
1 0
0
3 0 0 1
1 0
0
0
2 0 0
0
1 0
0
0
1 0
1 0
3 0 0 1
0
1 0
1 0
1 0
0
2 0 1
2 0 1
1 0
0
1 0
3 0 1 2
2 0 1
0
4 0 1 2 2
4 0 1 2 0
4 0 1 0 1
2 0 1
1 0
1 0
4 0 1 1 2
4 0 1 1 1
2 0 0
1 0
3 0 1 0
4 0 0 0 2
4 0 0 2 0
2 0 0
3 0 1 2
4 0 1 1 1
2 0 0
4 0 0 1 2
0
0
0
1 0
3 0 0 2
0
2 0 0
0
2 0 0
0
3 0 1 2
1 0
5 0 1 2 1 0
1 0
3 0 1 1
1 0
0
3 0 0 1
5 0 1 0 3 4
0
2 0 1
0
3 0 1 2
1 0
2 0 1
5 0 1 2 1 1
2 0 1
1 0
0
4 0 1 2 0
2 0 1
2 0 1
1 0
1 0
7 0 0 2 2 2 3 1
2 0 1
2 0 0
6 0 0 0 2 0 5
2 0 1
6 0 0 1 3 4 3
6 0 0 0 2 1 3
1 0
1 0
8 0 1 0 1 4 4 1 1
1 0
4 0 0 1 3
3 0 1 2
3 0 1 1
0
0
5 0 1 2 2 3
9 0 1 2 3 4 0 3 0 1
9 0 1 2 3 4 3 1 0 2
4 0 1 0 1
13 0 0 1 3 1 0 5 4 2 6 2 7 2
7 0 1 1 0 1 3 3
4 0 1 1 3
10 0 0 0 3 1 5 0 4 3 8
12 0 1 1 1 3 0 5 3 1 3 9 0
8 0 1 0 2 4 1 1 5
8 0 1 2 0 0 1 5 2
16 0 1 0 2 1 3 1 1 7 7 0 0 12 2 7 12
19 0 1 0 1 4 3 6 6 6 2 3 7 6 7 1 15 11 14 2
20 0 0 1 1 4 2 5 3 1 5 0 8 1 5 6 13 15 9 16 17
4 0 1 1 3
