50 50
9 0 0 2 0 4 3 2 3 8
8 0 0 0 2 1 5 4 1
12 0 0 2 0 3 3 6 2 7 2 8 0
11 0 1 0 1 1 3 4 0 3 3 7
0
10 0 0 2 1 1 4 1 2 1 1
9 0 1 1 0 2 5 0 6 6
5 0 1 2 0 1
3 0 1 1
14 0 0 0 3 4 0 0 3 7 4 8 7 6 8
0
5 0 0 2 3 1
3 0 0 0
5 0 1 2 1 2
11 0 0 1 1 1 4 3 6 3 0 3
14 0 1 0 3 1 2 3 2 3 3 1 9 7 2
19 0 0 1 1 3 5 6 5 1 5 1 10 7 8 3 7 3 8 14
5 0 1 0 0 1
12 0 0 2 2 1 0 6 4 5 9 8 10
5 0 0 1 0 0
13 0 0 1 2 2 5 6 0 7 4 3 9 5
3 0 1 2
3 0 0 2
5 0 1 0 3 0
2 0 0
5 0 0 0 0 3
6 0 0 1 0 3 0
40 0 1 1 0 1 5 0 0 1 5 5 1 6 11 7 12 12 2 6 16 17 10 13 7 15 17 20 24 25 6 2 13 27 11 31 7 27 30 3 8
0
9 0 1 0 3 1 3 6 3 6
1 0
7 0 1 2 0 0 1 0
3 0 1 1
16 0 1 2 3 2 5 3 1 3 6 8 5 4 6 8 9
7 0 0 2 2 4 4 0
4 0 0 2 1
5 0 1 2 2 1
13 0 1 1 1 4 4 0 2 4 6 10 9 3
4 0 1 0 3
5 0 1 2 2 0
8 0 1 0 0 2 3 6 0
5 0 0 2 1 4
0
6 0 0 2 3 4 0
5 0 1 0 0 0
18 0 1 2 1 2 5 5 7 4 0 6 8 7 9 2 2 0 5
8 0 1 0 3 2 2 5 5
5 0 1 0 3 3
14 0 0 1 1 2 3 0 4 3 9 3 4 5 6
19 0 1 2 2 2 5 4 0 5 8 3 5 12 2 8 14 8 6 5
5 0 1 0 3 3
12 0 1 0 3 0 0 2 7 8 9 3 3
4 0 1 0 3
5 0 0 2 1 4
12 0 0 2 1 1 4 3 1 2 1 1 7
4 0 1 0 2
4 0 1 2 1
9 0 1 0 2 0 2 3 7 0
5 0 0 0 0 3
5 0 1 2 1 2
5 0 1 2 2 0
1 0
4 0 0 1 3
10 0 0 2 0 4 3 2 5 3 9
5 0 1 2 2 1
13 0 0 2 2 1 2 0 7 4 5 10 9 11
0
5 0 1 0 3 0
14 0 1 0 3 1 2 3 2 3 3 1 9 7 2
0
7 0 0 2 2 4 4 0
6 0 1 2 0 1 1
7 0 1 2 0 0 1 0
6 0 1 0 0 2 5
12 0 1 0 3 2 2 4 2 5 1 6 2
10 0 0 1 0 0 5 3 7 4 0
5 0 1 0 0 0
0
14 0 1 1 1 4 4 2 0 2 4 6 11 10 3
4 0 0 2 3
9 0 1 1 0 2 5 0 6 6
19 0 0 0 0 3 2 1 3 3 7 3 11 6 8 12 5 8 12 1
15 0 1 0 3 1 1 1 3 5 8 5 3 8 12 9
12 0 0 2 0 3 3 6 2 7 2 8 0
16 0 0 0 1 4 1 1 7 6 4 9 8 4 0 13 4
6 0 0 2 3 4 0
11 0 1 0 1 1 3 4 0 3 3 7
19 0 1 2 3 2 1 5 3 1 3 7 9 5 6 4 7 7 9 10
2 0 0
24 0 0 1 3 3 1 0 2 6 1 1 1 0 9 5 3 0 10 16 13 10 19 19 14
21 0 1 2 2 2 5 4 0 5 8 0 3 5 13 2 8 11 15 8 6 5
5 0 0 2 1 4
30 0 0 1 1 3 2 4 6 7 5 10 5 9 1 8 5 9 1 16 11 4 12 13 3 11 3 12 26 22 28
3 0 1 1
12 0 1 0 0 3 2 2 4 6 4 8 6
14 0 0 0 3 4 0 0 3 7 4 8 7 6 8
14 0 0 1 2 2 5 4 6 0 8 4 3 10 5
55 0 1 1 0 1 5 0 0 0 1 5 9 12 6 5 5 1 6 15 7 13 14 17 9 17 13 2 6 7 23 25 11 18 7 29 20 25 30 34 36 14 6 2 18 38 15 43 7 24 38 9 42 3 9 8
23 0 0 2 3 1 2 3 7 7 9 6 0 8 10 9 3 11 16 3 3 18 0 7
15 0 0 1 1 2 3 0 4 3 9 3 4 5 11 6
