50 50
11 0 1 2 0 4 1 6 2 1 6 2
2 0 1
14 0 1 1 2 4 4 3 6 7 1 7 9 12 3
6 0 0 1 0 0 5
0
4 0 1 2 0
5 0 0 2 0 4
11 0 1 2 2 2 4 0 7 5 3 5
6 0 1 1 3 3 2
8 0 0 1 2 2 1 4 2
12 0 1 0 2 4 3 0 0 5 2 7 1
5 0 0 2 2 0
3 0 0 1
7 0 0 1 0 4 3 2
4 0 0 1 1
0
8 0 1 1 3 3 0 5 4
4 0 0 0 1
1 0
10 0 1 1 3 2 1 2 7 2 1
3 0 1 2
9 0 1 2 3 3 3 5 2 4
1 0
13 0 1 1 2 0 0 4 0 7 1 10 0 10
13 0 0 1 2 1 5 0 5 4 6 6 7 6
8 0 1 0 1 3 0 3 6
17 0 1 2 2 3 2 5 1 3 9 8 1 3 9 6 9 8
25 0 0 0 2 4 2 5 4 5 7 1 6 4 7 11 13 11 15 12 17 6 6 17 15 6
16 0 1 0 0 2 0 1 6 8 2 5 7 8 8 7 4
16 0 0 1 3 3 0 2 7 8 0 3 6 6 9 14 12
6 0 1 0 2 1 0
9 0 1 0 0 1 4 4 0 7
7 0 0 0 3 0 4 6
0
0
1 0
5 0 0 0 1 4
0
10 0 0 1 3 2 1 4 1 8 1
3 0 0 1
0
3 0 1 2
5 0 0 1 2 1
11 0 1 0 2 3 5 2 7 6 4 2
8 0 0 1 0 4 1 5 6
5 0 1 1 3 1
2 0 1
7 0 1 2 3 2 1 1
17 0 0 2 3 4 4 1 2 3 1 1 0 1 11 1 15 10
8 0 0 0 2 3 0 0 6
3 0 1 2
1 0
4 0 1 2 0
10 0 1 1 0 0 1 5 5 0 8
8 0 1 0 1 3 0 3 6
10 0 0 1 3 2 1 4 1 8 1
0
0
11 0 1 0 2 3 5 2 7 6 4 2
9 0 0 1 0 0 5 3 5 4
3 0 1 1
8 0 0 0 2 3 0 0 6
2 0 1
8 0 0 1 2 2 1 4 2
5 0 0 0 1 4
4 0 1 1 2
9 0 1 1 3 3 0 5 4 6
14 0 1 1 3 0 3 6 3 0 6 7 4 7 5
13 0 0 1 2 1 5 0 5 4 6 6 7 6
9 0 1 0 0 4 0 5 7 8
7 0 0 1 0 4 3 2
0
1 0
5 0 1 2 0 1
4 0 0 1 1
14 0 1 2 2 2 4 0 7 7 5 3 1 4 5
2 0 1
5 0 0 2 2 0
17 0 0 2 3 4 4 1 2 3 1 1 0 1 11 1 15 10
4 0 1 2 3
13 0 1 1 3 3 1 6 7 8 1 2 9 9
7 0 0 1 1 4 2 1
5 0 0 2 0 4
13 0 1 0 2 4 3 0 1 0 5 2 7 1
18 0 1 2 2 3 3 2 6 1 3 10 9 1 3 10 7 10 9
10 0 1 2 3 2 1 6 1 6 1
24 0 0 1 0 3 0 2 5 7 7 10 11 2 11 7 0 8 1 17 3 9 7 3 17
13 0 1 0 3 2 5 0 4 3 2 1 0 10
1 0
9 0 1 2 3 3 3 5 2 4
16 0 0 2 2 1 3 0 0 6 0 9 2 12 0 12 14
23 0 1 0 0 3 0 2 5 3 0 1 10 12 2 7 11 12 8 15 12 11 4 6
1 0
23 0 0 1 3 3 3 0 0 5 2 10 11 0 3 8 7 7 12 18 15 16 20 21
30 0 0 0 2 4 2 5 1 4 5 7 8 1 6 14 4 7 13 16 13 18 14 8 20 8 6 6 20 18 6
8 0 0 1 0 4 1 5 6
43 0 1 2 2 4 0 6 5 5 8 9 8 8 13 1 8 10 15 13 10 12 13 16 11 10 20 7 2 12 13 1 13 11 26 5 4 30 19 8 16 15 2 36
7 0 0 2 1 2 1 1
10 0 1 1 3 2 1 2 7 2 1
14 0 1 1 2 4 4 3 6 7 1 7 9 12 3
