50 50
1 0
2 0 1
20 0 1 1 0 3 4 0 6 4 9 9 2 7 10 2 0 10 10 16 11
1 0
6 0 0 1 0 0 0
20 0 0 2 1 0 0 6 3 5 4 0 0 7 4 9 5 3 12 6 9
0
0
7 0 0 0 0 0 0 1
4 0 0 0 1
9 0 0 0 0 4 1 5 5 5
13 0 1 0 3 2 2 2 1 1 8 3 10 0
18 0 1 1 1 4 0 1 1 4 4 0 4 12 2 13 3 3 1
12 0 1 2 2 1 1 4 3 3 0 7 2
11 0 0 1 1 3 3 5 7 2 9 5
2 0 0
2 0 0
15 0 1 2 1 0 0 5 1 8 9 0 4 2 7 0
6 0 0 1 3 0 3
9 0 1 1 3 0 3 5 0 8
6 0 1 1 1 4 3
2 0 0
7 0 0 1 1 3 1 3
10 0 1 1 1 4 2 6 2 7 0
19 0 1 2 1 3 4 0 5 8 4 9 9 7 9 13 4 4 4 17
2 0 0
10 0 0 0 0 4 2 6 1 7 3
5 0 0 0 1 0
3 0 1 0
2 0 0
7 0 0 2 3 4 0 2
1 0
4 0 0 0 2
12 0 0 0 0 1 5 6 6 6 9 3 0
3 0 0 1
0
8 0 0 0 1 0 4 4 5
7 0 0 2 3 3 4 3
17 0 1 1 3 4 1 0 0 1 4 7 2 9 10 5 13 9
11 0 1 0 0 0 2 4 4 7 2 8
3 0 1 0
5 0 0 1 1 4
12 0 1 2 3 4 5 6 5 4 7 9 11
8 0 1 1 3 4 1 4 4
2 0 0
10 0 1 2 2 0 2 4 4 3 1
10 0 0 1 1 1 0 6 5 3 5
28 0 0 0 1 1 4 6 3 5 7 4 0 5 9 5 15 9 17 12 15 12 0 5 13 14 9 3 22
3 0 1 1
0
1 0
11 0 0 1 1 3 3 5 7 2 9 5
11 0 0 0 0 4 1 5 5 5 9 9
2 0 0
10 0 0 1 2 3 1 0 5 3 4
12 0 1 2 2 1 1 4 3 3 0 7 2
9 0 0 0 0 4 5 0 0 1
0
10 0 1 2 1 1 1 6 5 3 9
6 0 1 0 3 1 0
9 0 1 2 2 4 4 4 4 6
2 0 0
7 0 0 2 3 3 4 3
11 0 0 0 0 4 2 6 1 7 8 3
12 0 0 0 0 1 5 6 6 6 9 3 0
12 0 1 1 1 3 1 2 5 0 2 5 11
2 0 0
13 0 1 2 1 4 2 4 0 2 6 6 3 1
4 0 0 0 2
10 0 1 1 1 4 2 6 2 7 0
2 0 1
9 0 0 0 1 2 0 4 4 6
7 0 0 2 3 4 0 2
9 0 1 1 3 0 3 5 0 8
0
6 0 0 1 0 0 0
6 0 0 1 3 0 3
15 0 1 2 0 4 2 2 7 2 1 1 10 4 12 0
7 0 0 1 1 3 1 3
4 0 0 0 1
3 0 1 0
3 0 0 0
17 0 1 2 3 0 4 2 6 8 6 4 7 6 4 9 14 16
12 0 1 0 3 0 0 2 5 5 8 2 9
17 0 1 2 1 0 0 5 1 8 9 0 4 3 4 2 7 0
8 0 0 1 0 2 3 1 1
6 0 1 0 3 3 2
24 0 1 1 1 4 0 1 1 4 4 0 4 7 12 13 2 13 14 15 3 3 1 17 23
5 0 0 1 1 4
26 0 0 2 1 4 0 0 7 5 7 3 5 6 12 4 0 5 0 10 4 13 6 3 18 7 13
13 0 1 1 3 0 5 5 4 1 4 4 5 12
23 0 1 2 1 3 4 0 5 8 2 4 1 12 9 9 14 7 9 17 4 4 4 21
2 0 0
26 0 1 1 0 3 4 0 6 4 9 2 9 2 11 7 6 10 11 18 2 0 10 9 10 21 12
27 0 1 0 3 4 5 4 5 7 6 4 2 6 9 5 11 15 9 2 13 0 10 1 6 2 0 15
2 0 0
18 0 1 1 3 4 1 0 0 1 4 7 2 9 10 5 13 9 7
49 0 0 0 0 1 1 5 3 7 4 6 9 8 3 5 9 16 14 0 3 6 20 17 22 1 11 3 6 28 11 30 19 28 24 19 0 23 6 8 21 26 11 4 14 36 18 44 46 20
1 0
11 0 1 0 1 1 1 0 7 6 4 6
