100 100
0
1 0
3 0 1 2
0
9 0 1 2 3 4 5 6 7 8
2 0 1
35 0 1 2 3 4 5 6 7 8 9 10 11 12 13 14 15 16 17 18 19 20 21 22 23 24 25 26 27 28 29 30 31 32 33 34
0
0
2 0 1
6 0 1 2 3 4 5
0
3 0 1 2
2 0 1
2 0 1
1 0
1 0
3 0 1 2
1 0
0
1 0
1 0
2 0 1
3 0 1 2
2 0 1
1 0
3 0 1 2
2 0 1
6 0 1 2 3 4 5
3 0 1 2
6 0 1 2 3 4 5
0
0
5 0 1 2 3 4
1 0
0
0
1 0
0
0
1 0
0
1 0
0
0
2 0 1
0
1 0
0
0
0
1 0
0
1 0
1 0
3 0 1 2
0
0
3 0 1 2
2 0 1
0
0
1 0
3 0 1 2
3 0 1 2
8 0 1 2 3 4 5 6 7
1 0
2 0 1
4 0 1 2 3
0
1 0
6 0 1 2 3 4 5
0
1 0
1 0
0
4 0 1 2 3
2 0 1
0
1 0
1 0
3 0 1 2
1 0
0
0
1 0
1 0
8 0 1 2 3 4 5 6 7
13 0 1 2 3 4 5 6 7 8 9 10 11 12
0
4 0 1 2 3
1 0
2 0 1
1 0
0
3 0 1 2
0
0
0
0
5 0 1 2 3 4
6 0 1 2 3 4 5
8 0 1 2 3 4 5 6 7
1 0
1 0
0
1 0
10 0 1 2 3 4 5 6 7 8 9
3 0 1 2
1 0
1 0
4 0 1 2 3
2 0 1
2 0 1
2 0 1
0
13 0 1 2 3 4 5 6 7 8 9 10 11 12
1 0
0
0
0
1 0
1 0
1 0
4 0 1 2 3
2 0 1
3 0 1 2
2 0 1
0
1 0
0
4 0 1 2 3
1 0
5 0 1 2 3 4
0
1 0
1 0
0
0
3 0 1 2
0
0
10 0 1 2 3 4 5 6 7 8 9
12 0 1 2 3 4 5 6 7 8 9 10 11
11 0 1 2 3 4 5 6 7 8 9 10
0
3 0 1 2
1 0
4 0 1 2 3
35 0 1 2 3 4 5 6 7 8 9 10 11 12 13 14 15 16 17 18 19 20 21 22 23 24 25 26 27 28 29 30 31 32 33 34
14 0 1 2 3 4 5 6 7 8 9 10 11 12 13
0
3 0 1 2
2 0 1
0
0
6 0 1 2 3 4 5
4 0 1 2 3
2 0 1
0
4 0 1 2 3
1 0
5 0 1 2 3 4
10 0 1 2 3 4 5 6 7 8 9
1 0
1 0
2 0 1
3 0 1 2
1 0
0
2 0 1
0
0
1 0
1 0
1 0
1 0
2 0 1
6 0 1 2 3 4 5
10 0 1 2 3 4 5 6 7 8 9
0
4 0 1 2 3
10 0 1 2 3 4 5 6 7 8 9
0
3 0 1 2
0
15 0 1 2 3 4 5 6 7 8 9 10 11 12 13 14
0
1 0
0
3 0 1 2
2 0 1
1 0
2 0 1
6 0 1 2 3 4 5
0
3 0 1 2
2 0 1
3 0 1 2
0
