50 100
2 0 1
1 0
1 0
0
2 0 1
4 0 1 2 3
1 0
2 0 1
1 0
2 0 1
3 0 1 2
1 0
1 0
2 0 1
0
0
0
2 0 1
0
2 0 1
1 0
1 0
1 0
4 0 1 2 3
3 0 1 2
1 0
2 0 1
1 0
2 0 1
1 0
1 0
0
4 0 1 2 3
2 0 1
0
1 0
0
3 0 1 2
2 0 1
1 0
0
4 0 1 2 3
0
2 0 1
4 0 1 2 3
4 0 1 2 3
0
3 0 1 2
3 0 1 2
1 0
4 0 1 2 3
2 0 1
0
8 0 1 2 3 4 5 6 7
0
0
2 0 1
1 0
2 0 1
2 0 1
13 0 1 2 3 4 5 6 7 8 9 10 11 12
1 0
7 0 1 2 3 4 5 6
1 0
1 0
4 0 1 2 3
0
3 0 1 2
1 0
0
7 0 1 2 3 4 5 6
2 0 1
0
0
0
0
4 0 1 2 3
14 0 1 2 3 4 5 6 7 8 9 10 11 12 13
0
1 0
2 0 1
2 0 1
15 0 1 2 3 4 5 6 7 8 9 10 11 12 13 14
0
1 0
7 0 1 2 3 4 5 6
1 0
0
0
8 0 1 2 3 4 5 6 7
2 0 1
6 0 1 2 3 4 5
3 0 1 2
2 0 1
1 0
5 0 1 2 3 4
12 0 1 2 3 4 5 6 7 8 9 10 11
3 0 1 2
4 0 1 2 3
1 0
0
4 0 1 2 3
3 0 1 2
4 0 1 2 3
0
3 0 1 2
0
1 0
3 0 1 2
3 0 1 2
2 0 1
2 0 1
0
8 0 1 2 3 4 5 6 7
2 0 1
0
3 0 1 2
4 0 1 2 3
0
2 0 1
2 0 1
3 0 1 2
6 0 1 2 3 4 5
0
4 0 1 2 3
1 0
2 0 1
0
12 0 1 2 3 4 5 6 7 8 9 10 11
3 0 1 2
1 0
0
7 0 1 2 3 4 5 6
0
1 0
1 0
0
1 0
4 0 1 2 3
3 0 1 2
5 0 1 2 3 4
4 0 1 2 3
5 0 1 2 3 4
8 0 1 2 3 4 5 6 7
1 0
4 0 1 2 3
4 0 1 2 3
2 0 1
4 0 1 2 3
2 0 1
