50 100
4 0 1 2 3
1 0
1 0
0
0
1 0
4 0 1 2 3
2 0 1
2 0 1
2 0 1
0
1 0
2 0 1
3 0 1 2
1 0
0
1 0
1 0
1 0
0
4 0 1 2 3
2 0 1
3 0 1 2
2 0 1
1 0
1 0
1 0
0
2 0 1
0
3 0 1 2
1 0
2 0 1
0
1 0
3 0 1 2
2 0 1
1 0
0
2 0 1
3 0 1 2
1 0
0
0
3 0 1 2
1 0
0
0
1 0
0
3 0 1 2
1 0
1 0
0
4 0 1 2 3
5 0 1 2 3 4
2 0 1
1 0
1 0
3 0 1 2
3 0 1 2
8 0 1 2 3 4 5 6 7
0
10 0 1 2 3 4 5 6 7 8 9
3 0 1 2
2 0 1
14 0 1 2 3 4 5 6 7 8 9 10 11 12 13
0
0
1 0
1 0
4 0 1 2 3
9 0 1 2 3 4 5 6 7 8
5 0 1 2 3 4
4 0 1 2 3
0
0
1 0
5 0 1 2 3 4
6 0 1 2 3 4 5
0
4 0 1 2 3
0
3 0 1 2
0
0
3 0 1 2
1 0
0
1 0
8 0 1 2 3 4 5 6 7
0
2 0 1
1 0
0
1 0
2 0 1
3 0 1 2
0
3 0 1 2
0
0
5 0 1 2 3 4
17 0 1 2 3 4 5 6 7 8 9 10 11 12 13 14 15 16
4 0 1 2 3
3 0 1 2
1 0
1 0
0
0
4 0 1 2 3
9 0 1 2 3 4 5 6 7 8
2 0 1
3 0 1 2
0
19 0 1 2 3 4 5 6 7 8 9 10 11 12 13 14 15 16 17 18
4 0 1 2 3
1 0
3 0 1 2
0
0
0
1 0
0
2 0 1
0
2 0 1
0
6 0 1 2 3 4 5
5 0 1 2 3 4
1 0
0
0
11 0 1 2 3 4 5 6 7 8 9 10
2 0 1
7 0 1 2 3 4 5 6
9 0 1 2 3 4 5 6 7 8
0
2 0 1
10 0 1 2 3 4 5 6 7 8 9
1 0
1 0
2 0 1
0
1 0
1 0
2 0 1
1 0
11 0 1 2 3 4 5 6 7 8 9 10
5 0 1 2 3 4
