50 100
3 0 1 2
2 0 1
1 0
3 0 1 2
0
1 0
2 0 1
1 0
2 0 1
0
1 0
1 0
0
2 0 1
1 0
0
0
2 0 1
0
2 0 1
2 0 1
2 0 1
2 0 1
3 0 1 2
1 0
0
1 0
1 0
2 0 1
1 0
1 0
1 0
1 0
0
2 0 1
1 0
1 0
0
0
2 0 1
1 0
1 0
0
1 0
2 0 1
1 0
1 0
2 0 1
1 0
0
3 0 1 2
1 0
2 0 1
3 0 1 2
0
3 0 1 2
11 0 1 2 3 4 5 6 7 8 9 10
0
0
0
2 0 1
3 0 1 2
0
0
3 0 1 2
12 0 1 2 3 4 5 6 7 8 9 10 11
11 0 1 2 3 4 5 6 7 8 9 10
2 0 1
7 0 1 2 3 4 5 6
12 0 1 2 3 4 5 6 7 8 9 10 11
1 0
1 0
1 0
2 0 1
0
0
4 0 1 2 3
1 0
25 0 1 2 3 4 5 6 7 8 9 10 11 12 13 14 15 16 17 18 19 20 21 22 23 24
1 0
18 0 1 2 3 4 5 6 7 8 9 10 11 12 13 14 15 16 17
9 0 1 2 3 4 5 6 7 8
0
1 0
1 0
4 0 1 2 3
6 0 1 2 3 4 5
4 0 1 2 3
0
0
1 0
0
0
1 0
1 0
0
2 0 1
1 0
0
3 0 1 2
1 0
2 0 1
2 0 1
1 0
5 0 1 2 3 4
1 0
2 0 1
1 0
0
6 0 1 2 3 4 5
2 0 1
1 0
0
5 0 1 2 3 4
0
4 0 1 2 3
0
7 0 1 2 3 4 5 6
3 0 1 2
1 0
4 0 1 2 3
0
5 0 1 2 3 4
0
2 0 1
3 0 1 2
1 0
2 0 1
0
1 0
0
5 0 1 2 3 4
1 0
2 0 1
2 0 1
0
0
2 0 1
0
1 0
9 0 1 2 3 4 5 6 7 8
2 0 1
4 0 1 2 3
1 0
5 0 1 2 3 4
0
1 0
1 0
8 0 1 2 3 4 5 6 7
3 0 1 2
