10 100
0
9 0 1 2 3 4 5 6 7 8
5 0 1 2 3 4
5 0 1 2 3 4
6 0 1 2 3 4 5
2 0 1
5 0 1 2 3 4
4 0 1 2 3
7 0 1 2 3 4 5 6
6 0 1 2 3 4 5
9 0 1 2 3 4 5 6 7 8
4 0 1 2 3
1 0
3 0 1 2
1 0
0
0
0
0
0
1 0
0
5 0 1 2 3 4
0
2 0 1
1 0
3 0 1 2
4 0 1 2 3
4 0 1 2 3
2 0 1
3 0 1 2
5 0 1 2 3 4
1 0
0
1 0
2 0 1
2 0 1
1 0
0
0
3 0 1 2
5 0 1 2 3 4
0
0
0
1 0
4 0 1 2 3
1 0
6 0 1 2 3 4 5
0
0
10 0 1 2 3 4 5 6 7 8 9
1 0
3 0 1 2
3 0 1 2
4 0 1 2 3
3 0 1 2
0
2 0 1
3 0 1 2
2 0 1
1 0
5 0 1 2 3 4
3 0 1 2
1 0
2 0 1
1 0
4 0 1 2 3
1 0
12 0 1 2 3 4 5 6 7 8 9 10 11
0
5 0 1 2 3 4
6 0 1 2 3 4 5
0
2 0 1
2 0 1
2 0 1
9 0 1 2 3 4 5 6 7 8
4 0 1 2 3
5 0 1 2 3 4
0
0
0
4 0 1 2 3
3 0 1 2
0
1 0
4 0 1 2 3
8 0 1 2 3 4 5 6 7
0
5 0 1 2 3 4
2 0 1
0
1 0
6 0 1 2 3 4 5
8 0 1 2 3 4 5 6 7
2 0 1
1 0
18 0 1 2 3 4 5 6 7 8 9 10 11 12 13 14 15 16 17
3 0 1 2
3 0 1 2
0
2 0 1
6 0 1 2 3 4 5
0
1 0
0
10 0 1 2 3 4 5 6 7 8 9
0
9 0 1 2 3 4 5 6 7 8
