10 100
7 0 1 2 3 4 5 6
0
10 0 1 2 3 4 5 6 7 8 9
9 0 1 2 3 4 5 6 7 8
8 0 1 2 3 4 5 6 7
3 0 1 2
10 0 1 2 3 4 5 6 7 8 9
8 0 1 2 3 4 5 6 7
7 0 1 2 3 4 5 6
7 0 1 2 3 4 5 6
15 0 1 2 3 4 5 6 7 8 9 10 11 12 13 14
2 0 1
10 0 1 2 3 4 5 6 7 8 9
4 0 1 2 3
2 0 1
5 0 1 2 3 4
6 0 1 2 3 4 5
0
10 0 1 2 3 4 5 6 7 8 9
4 0 1 2 3
2 0 1
3 0 1 2
0
0
13 0 1 2 3 4 5 6 7 8 9 10 11 12
2 0 1
0
2 0 1
2 0 1
0
0
3 0 1 2
8 0 1 2 3 4 5 6 7
5 0 1 2 3 4
3 0 1 2
0
3 0 1 2
2 0 1
10 0 1 2 3 4 5 6 7 8 9
4 0 1 2 3
0
0
0
2 0 1
0
1 0
1 0
0
5 0 1 2 3 4
5 0 1 2 3 4
3 0 1 2
0
0
9 0 1 2 3 4 5 6 7 8
0
0
2 0 1
0
1 0
1 0
4 0 1 2 3
0
0
5 0 1 2 3 4
1 0
10 0 1 2 3 4 5 6 7 8 9
24 0 1 2 3 4 5 6 7 8 9 10 11 12 13 14 15 16 17 18 19 20 21 22 23
1 0
8 0 1 2 3 4 5 6 7
6 0 1 2 3 4 5
3 0 1 2
0
3 0 1 2
0
2 0 1
1 0
9 0 1 2 3 4 5 6 7 8
1 0
1 0
0
0
8 0 1 2 3 4 5 6 7
11 0 1 2 3 4 5 6 7 8 9 10
1 0
8 0 1 2 3 4 5 6 7
2 0 1
1 0
4 0 1 2 3
0
0
0
0
8 0 1 2 3 4 5 6 7
0
0
2 0 1
4 0 1 2 3
0
4 0 1 2 3
17 0 1 2 3 4 5 6 7 8 9 10 11 12 13 14 15 16
0
0
9 0 1 2 3 4 5 6 7 8
2 0 1
2 0 1
2 0 1
1 0
4 0 1 2 3
0
2 0 1
