10 30
7 0 1 2 3 4 5 6
0
15 0 1 2 3 4 5 6 7 8 9 10 11 12 13 14
5 0 1 2 3 4
9 0 1 2 3 4 5 6 7 8
15 0 1 2 3 4 5 6 7 8 9 10 11 12 13 14
23 0 1 2 3 4 5 6 7 8 9 10 11 12 13 14 15 16 17 18 19 20 21 22
11 0 1 2 3 4 5 6 7 8 9 10
26 0 1 2 3 4 5 6 7 8 9 10 11 12 13 14 15 16 17 18 19 20 21 22 23 24 25
18 0 1 2 3 4 5 6 7 8 9 10 11 12 13 14 15 16 17
7 0 1 2 3 4 5 6
3 0 1 2
4 0 1 2 3
7 0 1 2 3 4 5 6
4 0 1 2 3
4 0 1 2 3
0
37 0 1 2 3 4 5 6 7 8 9 10 11 12 13 14 15 16 17 18 19 20 21 22 23 24 25 26 27 28 29 30 31 32 33 34 35 36
30 0 1 2 3 4 5 6 7 8 9 10 11 12 13 14 15 16 17 18 19 20 21 22 23 24 25 26 27 28 29
8 0 1 2 3 4 5 6 7
2 0 1
9 0 1 2 3 4 5 6 7 8
4 0 1 2 3
28 0 1 2 3 4 5 6 7 8 9 10 11 12 13 14 15 16 17 18 19 20 21 22 23 24 25 26 27
6 0 1 2 3 4 5
0
6 0 1 2 3 4 5
3 0 1 2
2 0 1
7 0 1 2 3 4 5 6
11 0 1 2 3 4 5 6 7 8 9 10
16 0 1 2 3 4 5 6 7 8 9 10 11 12 13 14 15
26 0 1 2 3 4 5 6 7 8 9 10 11 12 13 14 15 16 17 18 19 20 21 22 23 24 25
6 0 1 2 3 4 5
11 0 1 2 3 4 5 6 7 8 9 10
18 0 1 2 3 4 5 6 7 8 9 10 11 12 13 14 15 16 17
16 0 1 2 3 4 5 6 7 8 9 10 11 12 13 14 15
44 0 1 2 3 4 5 6 7 8 9 10 11 12 13 14 15 16 17 18 19 20 21 22 23 24 25 26 27 28 29 30 31 32 33 34 35 36 37 38 39 40 41 42 43
7 0 1 2 3 4 5 6
11 0 1 2 3 4 5 6 7 8 9 10
