10 30
0
1 0
4 0 1 2 3
0
3 0 1 2
7 0 1 2 3 4 5 6
6 0 1 2 3 4 5
6 0 1 2 3 4 5
4 0 1 2 3
12 0 1 2 3 4 5 6 7 8 9 10 11
1 0
7 0 1 2 3 4 5 6
37 0 1 2 3 4 5 6 7 8 9 10 11 12 13 14 15 16 17 18 19 20 21 22 23 24 25 26 27 28 29 30 31 32 33 34 35 36
2 0 1
3 0 1 2
30 0 1 2 3 4 5 6 7 8 9 10 11 12 13 14 15 16 17 18 19 20 21 22 23 24 25 26 27 28 29
7 0 1 2 3 4 5 6
4 0 1 2 3
0
0
17 0 1 2 3 4 5 6 7 8 9 10 11 12 13 14 15 16
2 0 1
7 0 1 2 3 4 5 6
6 0 1 2 3 4 5
17 0 1 2 3 4 5 6 7 8 9 10 11 12 13 14 15 16
4 0 1 2 3
7 0 1 2 3 4 5 6
3 0 1 2
7 0 1 2 3 4 5 6
4 0 1 2 3
6 0 1 2 3 4 5
12 0 1 2 3 4 5 6 7 8 9 10 11
1 0
7 0 1 2 3 4 5 6
24 0 1 2 3 4 5 6 7 8 9 10 11 12 13 14 15 16 17 18 19 20 21 22 23
13 0 1 2 3 4 5 6 7 8 9 10 11 12
7 0 1 2 3 4 5 6
20 0 1 2 3 4 5 6 7 8 9 10 11 12 13 14 15 16 17 18 19
2 0 1
4 0 1 2 3
