10 30
14 0 1 2 3 4 5 6 7 8 9 10 11 12 13
0
9 0 1 2 3 4 5 6 7 8
6 0 1 2 3 4 5
4 0 1 2 3
11 0 1 2 3 4 5 6 7 8 9 10
6 0 1 2 3 4 5
10 0 1 2 3 4 5 6 7 8 9
10 0 1 2 3 4 5 6 7 8 9
17 0 1 2 3 4 5 6 7 8 9 10 11 12 13 14 15 16
0
3 0 1 2
24 0 1 2 3 4 5 6 7 8 9 10 11 12 13 14 15 16 17 18 19 20 21 22 23
10 0 1 2 3 4 5 6 7 8 9
19 0 1 2 3 4 5 6 7 8 9 10 11 12 13 14 15 16 17 18
3 0 1 2
13 0 1 2 3 4 5 6 7 8 9 10 11 12
20 0 1 2 3 4 5 6 7 8 9 10 11 12 13 14 15 16 17 18 19
0
2 0 1
8 0 1 2 3 4 5 6 7
2 0 1
6 0 1 2 3 4 5
0
76 0 1 2 3 4 5 6 7 8 9 10 11 12 13 14 15 16 17 18 19 20 21 22 23 24 25 26 27 28 29 30 31 32 33 34 35 36 37 38 39 40 41 42 43 44 45 46 47 48 49 50 51 52 53 54 55 56 57 58 59 60 61 62 63 64 65 66 67 68 69 70 71 72 73 74 75
2 0 1
2 0 1
9 0 1 2 3 4 5 6 7 8
9 0 1 2 3 4 5 6 7 8
14 0 1 2 3 4 5 6 7 8 9 10 11 12 13
2 0 1
1 0
29 0 1 2 3 4 5 6 7 8 9 10 11 12 13 14 15 16 17 18 19 20 21 22 23 24 25 26 27 28
18 0 1 2 3 4 5 6 7 8 9 10 11 12 13 14 15 16 17
0
8 0 1 2 3 4 5 6 7
15 0 1 2 3 4 5 6 7 8 9 10 11 12 13 14
10 0 1 2 3 4 5 6 7 8 9
0
10 0 1 2 3 4 5 6 7 8 9
