1 2
3 4
1 3
5 6
5 7
6 7
1 5
8 9
8 10
9 10
8 11
9 11
1 8
12 13
12 14
13 14
12 15
13 15
14 15
1 12
16 17
16 18
17 18
16 19
17 19
18 19
16 20
17 20
1 16
21 22
21 23
22 23
21 24
22 24
23 24
21 25
22 25
23 25
1 21
26 27
26 28
27 28
26 29
27 29
28 29
26 30
27 30
28 30
29 30
1 26
31 32
31 33
32 33
31 34
32 34
33 34
31 35
32 35
33 35
34 35
31 36
32 36
1 31
37 38
37 39
38 39
37 40
38 40
39 40
37 41
38 41
39 41
40 41
37 42
38 42
39 42
1 37
43 44
43 45
44 45
43 46
44 46
45 46
43 47
44 47
45 47
46 47
43 48
44 48
45 48
46 48
1 43
49 50
49 51
50 51
49 52
50 52
51 52
49 53
50 53
51 53
52 53
49 54
50 54
51 54
52 54
53 54
1 49
55 56
55 57
56 57
55 58
56 58
57 58
55 59
56 59
57 59
58 59
55 60
56 60
57 60
58 60
59 60
55 61
56 61
1 55
62 63
62 64
63 64
62 65
63 65
64 65
62 66
63 66
64 66
65 66
62 67
63 67
64 67
65 67
66 67
62 68
63 68
64 68
1 62
69 70
69 71
70 71
69 72
70 72
71 72
69 73
70 73
71 73
72 73
69 74
70 74
71 74
72 74
73 74
69 75
70 75
71 75
72 75
1 69
76 77
76 78
77 78
76 79
77 79
78 79
76 80
77 80
78 80
79 80
76 81
77 81
78 81
79 81
80 81
76 82
77 82
78 82
79 82
80 82
1 76
83 84
83 85
84 85
83 86
84 86
85 86
83 87
84 87
85 87
86 87
83 88
84 88
85 88
86 88
87 88
83 89
84 89
85 89
86 89
87 89
88 89
1 83
90 91
90 92
91 92
90 93
91 93
92 93
90 94
91 94
92 94
93 94
90 95
91 95
92 95
93 95
94 95
90 96
91 96
92 96
93 96
94 96
95 96
90 97
91 97
1 90
2 4
1 4
2 3
4 6
4 7
2 6
2 7
3 6
3 7
4 5
4 9
4 10
4 11
1 6
1 7
2 5
2 9
2 10
2 11
3 5
3 9
3 10
3 11
4 8
4 13
4 14
4 15
1 9
1 10
1 11
2 8
2 13
2 14
2 15
3 8
3 13
3 14
3 15
4 12
4 17
4 18
4 19
4 20
6 9
6 10
6 11
7 9
7 10
7 11
1 13
1 14
1 15
2 12
2 17
2 18
2 19
2 20
3 12
3 17
3 18
3 19
3 20
4 16
4 22
4 23
4 24
4 25
5 9
5 10
5 11
6 8
6 13
6 14
6 15
7 8
7 13
7 14
7 15
10 11
1 17
1 18
1 19
1 20
2 16
2 22
2 23
2 24
2 25
3 16
3 22
3 23
3 24
3 25
4 21
4 27
4 28
4 29
4 30
5 8
5 13
5 14
5 15
6 12
6 17
6 18
6 19
6 20
7 12
7 17
7 18
7 19
7 20
9 13
9 14
9 15
10 13
10 14
10 15
11 13
11 14
11 15
1 22
1 23
1 24
1 25
2 21
2 27
2 28
2 29
2 30
3 21
3 27
3 28
3 29
3 30
4 26
4 32
4 33
4 34
4 35
4 36
5 12
5 17
5 18
5 19
5 20
6 16
6 22
6 23
6 24
6 25
7 16
7 22
7 23
7 24
7 25
8 13
8 14
8 15
9 12
9 17
9 18
9 19
9 20
10 12
10 17
10 18
10 19
10 20
11 12
11 17
11 18
11 19
11 20
1 27
1 28
1 29
1 30
2 26
2 32
2 33
2 34
2 35
2 36
3 26
3 32
3 33
3 34
3 35
3 36
4 31
4 38
4 39
4 40
4 41
4 42
5 16
5 22
5 23
5 24
5 25
6 21
6 27
6 28
6 29
6 30
7 21
7 27
7 28
7 29
7 30
8 12
8 17
8 18
8 19
8 20
9 16
9 22
9 23
9 24
9 25
10 16
10 22
10 23
10 24
10 25
11 16
11 22
11 23
11 24
11 25
13 17
13 18
13 19
13 20
14 17
14 18
14 19
14 20
15 17
15 18
15 19
15 20
1 32
1 33
1 34
1 35
1 36
2 31
2 38
2 39
2 40
2 41
2 42
3 31
3 38
3 39
3 40
3 41
3 42
4 37
4 44
4 45
4 46
4 47
4 48
5 21
5 27
